signal_date,effective_next_trading_day,portfolio,crisis_state,prior_cash_weight,target_cash_weight,policy_cash_floor,equity_drawdown,equity_drawdown_cash_floor,base_cash_floor,turnover_from_cash_action,estimated_cost_usd,cash_action
2019-08-01,2019-08-02,main,WATCH,0.0387856356035316,0.0874305827876577,0.03,-0.03012687118071733,0.0,0.0874305827876577,0.0486449471841261,13.41350846188981,RAISE_CASH
2019-08-02,2019-08-05,main,WATCH,0.0874305827876577,0.15,0.15,-0.03571203475294393,0.0,0.0879262871947312,0.0625694172123423,17.153730428925943,RAISE_CASH
2019-09-03,2019-09-04,main,GREEN,0.15,0.1843915318199969,0.03,-0.010988191593168217,0.0,0.1843915318199969,0.03439153181999691,9.670361767529059,RAISE_CASH
2019-12-02,2019-12-03,main,GREEN,0.1843915318199969,0.0843915318199969,0.03,-0.044929222898007604,0.0,0.0311021891036106,0.1,27.551941340700402,RELEASE_CASH
2019-12-03,2019-12-04,main,GREEN,0.0843915318199969,0.0313141729430031,0.03,-0.05127629403811451,0.0,0.0313141729430031,0.053077358876993795,14.526657765169373,RELEASE_CASH
2020-02-03,2020-02-04,main,WATCH,0.0313141729430031,0.0903372940533067,0.03,-0.026713970996507963,0.0,0.0903372940533067,0.059023121110303604,18.243092870430964,RAISE_CASH
2020-02-04,2020-02-05,main,WATCH,0.0903372940533067,0.15,0.15,0.0,0.0,0.0874624455856257,0.05966270594669329,19.0441071850504,RAISE_CASH
2020-02-06,2020-02-07,main,GREEN,0.15,0.089535764075335,0.03,-0.021716282202031034,0.0,0.089535764075335,0.06046423592466499,18.88082926893633,RELEASE_CASH
2020-02-25,2020-02-26,main,WATCH,0.089535764075335,0.35,0.03,-0.10020364402700377,0.35,0.091626463641137,0.26046423592466494,79.48216794490044,RAISE_CASH
2020-03-02,2020-03-03,main,DEFENSE_REVIEW,0.35,0.5795831758292678,0.35,-0.09756264601732778,0.0,0.5795831758292678,0.2295831758292678,70.26426340322612,RAISE_CASH
2020-03-09,2020-03-10,main,CRISIS_DEFENSE,0.5795831758292678,0.6144289931907492,0.55,-0.15005608871091825,0.55,0.6144289931907492,0.0348458173614814,10.044268144871634,RAISE_CASH
2020-03-16,2020-03-17,main,CRISIS_DEFENSE,0.6144289931907492,0.75,0.55,-0.23192146289635818,0.75,0.6782364085349453,0.13557100680925083,35.3142368918776,RAISE_CASH
2020-03-24,2020-03-25,main,CRISIS_DEFENSE,0.75,0.65,0.55,-0.1932393258010744,0.55,0.6358247909865036,0.09999999999999998,27.360378141846972,RELEASE_CASH
2020-04-01,2020-04-02,main,CRISIS_DEFENSE,0.65,0.7896275734726877,0.55,-0.19848728659471593,0.55,0.7896275734726877,0.13962757347268773,37.954124794217904,RAISE_CASH
2020-04-14,2020-04-15,main,DEFENSE_REVIEW,0.7896275734726877,0.7570258420140729,0.35,-0.16590801557106116,0.55,0.7570258420140729,0.03260173145861489,9.222145897356523,RELEASE_CASH
2020-05-01,2020-05-04,main,DEFENSE_REVIEW,0.7570258420140729,0.6570258420140729,0.35,-0.1531420278311748,0.55,0.3230816985318461,0.09999999999999998,28.720232767894665,RELEASE_CASH
2020-05-04,2020-05-05,main,DEFENSE_REVIEW,0.6570258420140729,0.5570258420140729,0.35,-0.14246810279668676,0.35,0.3150860088181682,0.09999999999999998,29.082226893960993,RELEASE_CASH
2020-05-05,2020-05-06,main,DEFENSE_REVIEW,0.5570258420140729,0.4570258420140729,0.35,-0.13131525210334438,0.35,0.3087562595233732,0.09999999999999998,29.4604632434613,RELEASE_CASH
2020-05-06,2020-05-07,main,DEFENSE_REVIEW,0.4570258420140729,0.35702584201407295,0.35,-0.12267135175306554,0.35,0.304797167365208,0.09999999999999998,29.753611372476023,RELEASE_CASH
2020-06-09,2020-06-10,main,REENTRY_READY,0.35702584201407295,0.2669605790757826,0.2,-0.058331359845788966,0.0,0.2669605790757826,0.09006526293829037,28.762908783495384,RELEASE_CASH
2020-07-01,2020-07-02,main,WATCH,0.2669605790757826,0.16696057907578257,0.15,0.0,0.0,0.1256859889125398,0.1,34.578929198629545,RELEASE_CASH
2020-07-14,2020-07-15,main,GREEN,0.16696057907578257,0.1210256389956147,0.03,-0.017429614475934163,0.0,0.1210256389956147,0.045934940080167866,16.46281942630959,RELEASE_CASH
2020-08-03,2020-08-04,main,GREEN,0.1210256389956147,0.0586306030836177,0.03,0.0,0.0,0.0586306030836177,0.06239503591199701,24.343942122605398,RELEASE_CASH
2020-09-04,2020-09-08,main,GREEN,0.0586306030836177,0.35,0.03,-0.11365171026293797,0.35,0.0292633420594825,0.2913693969163823,114.99229068609746,RAISE_CASH
2020-09-15,2020-09-16,main,WATCH,0.35,0.24999999999999997,0.15,-0.09348420398867163,0.0,0.0283002578502229,0.1,40.3641447874486,RELEASE_CASH
2020-09-16,2020-09-17,main,WATCH,0.24999999999999997,0.35,0.15,-0.10440140518639407,0.35,0.0287394796516051,0.1,39.878037990680696,RAISE_CASH
2020-09-21,2020-09-22,main,WATCH,0.35,0.24999999999999997,0.15,-0.09467394656378547,0.0,0.0282725141382917,0.1,40.31116949261867,RELEASE_CASH
2020-09-22,2020-09-23,main,WATCH,0.24999999999999997,0.15,0.15,-0.08294234633268527,0.0,0.0277967013357843,0.09999999999999998,40.83353877994951,RELEASE_CASH
2020-09-23,2020-09-24,main,WATCH,0.15,0.35,0.15,-0.10612249494626802,0.35,0.0286160314900773,0.19999999999999998,79.60280713251083,RAISE_CASH
2020-10-07,2020-10-08,main,REENTRY_READY,0.35,0.24999999999999997,0.2,-0.035089998636647524,0.0,0.1989643282218417,0.1,42.96424527102324,RELEASE_CASH
2020-10-08,2020-10-09,main,GREEN,0.24999999999999997,0.2010192991522624,0.03,-0.044564496570360435,0.0,0.2010192991522624,0.04898070084773756,20.837554544336964,RELEASE_CASH
2020-10-30,2020-11-02,main,WATCH,0.2010192991522624,0.35,0.15,-0.11279511802570386,0.35,0.2164028769262435,0.14898070084773757,58.85377372245125,RAISE_CASH
2020-11-04,2020-11-05,main,WATCH,0.35,0.24999999999999997,0.15,-0.08569264726962345,0.0,0.1362159786346654,0.1,40.711076991951906,RELEASE_CASH
2020-11-05,2020-11-06,main,WATCH,0.24999999999999997,0.15,0.15,-0.06226553632609211,0.0,0.1322735056956604,0.09999999999999998,41.75420861992466,RELEASE_CASH
2020-11-10,2020-11-11,main,GREEN,0.15,0.35,0.03,-0.11886463731356267,0.35,0.1409000663226554,0.19999999999999998,78.46807637176998,RAISE_CASH
2020-11-11,2020-11-12,main,GREEN,0.35,0.24999999999999997,0.03,-0.09947574173719298,0.0,0.1368282185735322,0.1,40.09736146360042,RELEASE_CASH
2020-11-12,2020-11-13,main,GREEN,0.24999999999999997,0.14999999999999997,0.03,-0.09886651796747192,0.0,0.1366824336440778,0.1,40.12448817949128,RELEASE_CASH
2020-12-01,2020-12-02,main,GREEN,0.14999999999999997,0.4977175618274375,0.03,-0.05700431434289954,0.0,0.4977175618274375,0.3477175618274375,146.00129596386856,RAISE_CASH
2020-12-17,2020-12-18,main,GREEN,0.4977175618274375,0.4664884714229369,0.03,0.0,0.0,0.4664884714229369,0.03122909040450056,13.958874671351971,RELEASE_CASH
2021-01-04,2021-01-05,main,GREEN,0.4664884714229369,0.36648847142293695,0.03,-0.021694446788985133,0.0,0.0325815857893002,0.09999999999999998,44.711865747793574,RELEASE_CASH
2021-01-05,2021-01-06,main,GREEN,0.36648847142293695,0.26648847142293697,0.03,0.0,0.0,0.0314055555401481,0.09999999999999998,45.79682870135336,RELEASE_CASH
2021-01-06,2021-01-07,main,GREEN,0.26648847142293697,0.16648847142293696,0.03,0.0,0.0,0.0306090905506998,0.1,46.68759035831447,RELEASE_CASH
2021-01-07,2021-01-08,main,GREEN,0.16648847142293696,0.06648847142293696,0.03,0.0,0.0,0.0295516106082145,0.1,48.1120576189092,RELEASE_CASH
2021-01-08,2021-01-11,main,GREEN,0.06648847142293696,0.03,0.03,0.0,0.0,0.0293837553104742,0.03648847142293696,17.647409733340307,RELEASE_CASH
2021-01-29,2021-02-01,main,WATCH,0.03,0.15,0.15,-0.07384047700993313,0.0,0.0307826199222033,0.12,55.400633134907686,RAISE_CASH
2021-02-01,2021-02-02,main,WATCH,0.15,0.2363651482445684,0.15,-0.04504253535727054,0.0,0.2363651482445684,0.0863651482445684,41.11215442795944,RAISE_CASH
2021-03-04,2021-03-05,main,WATCH,0.2363651482445684,0.35,0.15,-0.10814073548481173,0.35,0.2292179392613641,0.11363485175543159,51.357092318030965,RAISE_CASH
2021-03-05,2021-03-08,main,WATCH,0.35,0.24999999999999997,0.15,-0.09463683445687743,0.0,0.2250993199613605,0.1,45.87915081845591,RELEASE_CASH
2021-03-08,2021-03-09,main,WATCH,0.24999999999999997,0.35,0.15,-0.11042126634796356,0.35,0.2291692142622777,0.1,45.07927695692062,RAISE_CASH
2021-03-09,2021-03-10,main,WATCH,0.35,0.24999999999999997,0.15,-0.0871281149116867,0.0,0.2222017860233723,0.1,46.25965412318295,RELEASE_CASH
2021-03-11,2021-03-12,main,WATCH,0.24999999999999997,0.2154667760470494,0.15,-0.05986153263522809,0.0,0.2154667760470494,0.03453322395295058,16.452105947480348,RELEASE_CASH
2021-03-24,2021-03-25,main,GREEN,0.2154667760470494,0.35,0.03,-0.1086470352379395,0.35,0.2272382576877269,0.1345332239529506,60.767561982023544,RAISE_CASH
2021-04-01,2021-04-05,main,GREEN,0.35,0.24999999999999997,0.03,-0.08533264233449533,0.0,0.0514582388393856,0.1,46.350639442990996,RELEASE_CASH
2021-04-05,2021-04-06,main,GREEN,0.24999999999999997,0.14999999999999997,0.03,-0.0790488981839006,0.0,0.0509988894754427,0.1,46.6690672922362,RELEASE_CASH
2021-04-06,2021-04-07,main,GREEN,0.14999999999999997,0.0511591991383222,0.03,-0.08186327664159398,0.0,0.0511591991383222,0.09884080086167776,45.98711486392945,RELEASE_CASH
2021-04-20,2021-04-21,main,GREEN,0.0511591991383222,0.35,0.03,-0.11288700659430073,0.35,0.0529362226905111,0.29884080086167775,134.34186759365056,RAISE_CASH
2021-04-21,2021-04-22,main,GREEN,0.35,0.24999999999999997,0.03,-0.09868423008276084,0.0,0.0516736359169902,0.1,45.6740496155254,RELEASE_CASH
2021-04-22,2021-04-23,main,GREEN,0.24999999999999997,0.35,0.03,-0.10466641414764621,0.35,0.0520944643308339,0.1,45.37090328112378,RAISE_CASH
2021-04-23,2021-04-26,main,GREEN,0.35,0.24999999999999997,0.03,-0.08534206819437407,0.0,0.0504865696729765,0.1,46.350161788870054,RELEASE_CASH
2021-04-26,2021-04-27,main,GREEN,0.24999999999999997,0.14999999999999997,0.03,-0.07637888515632363,0.0,0.0498521502975793,0.1,46.80436982611603,RELEASE_CASH
2021-04-27,2021-04-28,main,GREEN,0.14999999999999997,0.04999999999999996,0.03,-0.07898821343686513,0.0,0.049996100482497,0.1,46.67214248323974,RELEASE_CASH
2021-04-30,2021-05-03,main,GREEN,0.04999999999999996,0.35,0.03,-0.10141495844047199,0.35,0.0512305942308356,0.30000000000000004,136.60701102254347,RAISE_CASH
2021-05-03,2021-05-04,main,GREEN,0.35,0.24999999999999997,0.03,-0.09909610291042181,0.0,0.0745428063831342,0.1,45.65317801803011,RELEASE_CASH
2021-05-04,2021-05-05,main,GREEN,0.24999999999999997,0.14999999999999997,0.03,-0.0920353015885379,0.0,0.0738060768010674,0.1,46.010983129917484,RELEASE_CASH
2021-05-05,2021-05-06,main,GREEN,0.14999999999999997,0.0734891905843285,0.03,-0.0886701196302545,0.0,0.0734891905843285,0.07651080941567147,35.33384958904307,RELEASE_CASH
2021-05-11,2021-05-12,main,GREEN,0.0734891905843285,0.35,0.03,-0.10534149050727126,0.35,0.0748448068199805,0.27651080941567147,125.36085921470516,RAISE_CASH
2021-05-26,2021-05-27,main,GREEN,0.35,0.24999999999999997,0.03,-0.09822658732916223,0.0,0.073979001010776,0.1,45.697240597567095,RELEASE_CASH
2021-05-27,2021-05-28,main,GREEN,0.24999999999999997,0.14999999999999997,0.03,-0.09241669185889179,0.0,0.0733725357662995,0.1,45.991656231717734,RELEASE_CASH
2021-05-28,2021-06-01,main,GREEN,0.14999999999999997,0.0733724338609526,0.03,-0.09264243169156305,0.0,0.0733724338609526,0.07662756613904737,35.23352111401789,RELEASE_CASH
2021-06-16,2021-06-17,main,GREEN,0.0733724338609526,0.35,0.03,-0.10518717347932904,0.35,0.0555451059510775,0.2766275661390474,125.43542511105427,RAISE_CASH
2021-06-24,2021-06-25,main,GREEN,0.35,0.24999999999999997,0.03,-0.09931340181929493,0.0,0.0549785437415348,0.1,45.64216642644753,RELEASE_CASH
2021-06-25,2021-06-28,main,GREEN,0.24999999999999997,0.14999999999999997,0.03,-0.09688917242326278,0.0,0.0547754721719972,0.1,45.76501390943781,RELEASE_CASH
2021-06-28,2021-06-29,main,GREEN,0.14999999999999997,0.0547069823722715,0.03,-0.09609846848378334,0.0,0.0547069823722715,0.09529301762772846,43.64904555089361,RELEASE_CASH
2021-07-02,2021-07-06,main,GREEN,0.0547069823722715,0.35,0.03,-0.10334487840406648,0.35,0.0464856256465359,0.29529301762772847,134.17486313449788,RAISE_CASH
2021-07-23,2021-07-26,main,GREEN,0.35,0.24999999999999997,0.03,-0.09535450597600992,0.0,0.0458731427829744,0.1,45.84278291536738,RELEASE_CASH
2021-07-26,2021-07-27,main,GREEN,0.24999999999999997,0.35,0.03,-0.10740037700679272,0.35,0.0466487136754725,0.1,45.23236009854181,RAISE_CASH
2021-07-30,2021-08-02,main,GREEN,0.35,0.24999999999999997,0.03,-0.09975076108183334,0.0,0.0460681663644053,0.1,45.62000330745669,RELEASE_CASH
2021-08-02,2021-08-03,main,GREEN,0.24999999999999997,0.35,0.03,-0.10068904335964335,0.35,0.0825719597449093,0.1,45.5724559852635,RAISE_CASH
2021-08-03,2021-08-04,main,GREEN,0.35,0.24999999999999997,0.03,-0.08531886599935612,0.0,0.0805987591730655,0.1,46.35133755683263,RELEASE_CASH
2021-08-04,2021-08-05,main,GREEN,0.24999999999999997,0.14999999999999997,0.03,-0.06567329580004,0.0,0.0785071410761631,0.1,47.34687405797612,RELEASE_CASH
2021-08-05,2021-08-06,main,GREEN,0.14999999999999997,0.0783811697889756,0.03,-0.0645221096883839,0.0,0.0783811697889756,0.07161883021102437,33.951057041519114,RELEASE_CASH
2021-08-18,2021-08-19,main,GREEN,0.0783811697889756,0.35,0.03,-0.10580703881639109,0.35,0.0819846564432006,0.2716188302110244,123.07891836369488,RAISE_CASH
2021-08-20,2021-08-23,main,WATCH,0.35,0.24999999999999997,0.15,-0.09919703656613876,0.0,0.0810655898156585,0.1,45.64806321925152,RELEASE_CASH
2021-08-23,2021-08-24,main,WATCH,0.24999999999999997,0.15,0.15,-0.07566465342882356,0.0,0.0785273919360638,0.09999999999999998,46.84056341824834,RELEASE_CASH
2021-08-24,2021-08-25,main,GREEN,0.15,0.0786154608595047,0.03,-0.07685066870575397,0.0,0.0786154608595047,0.07138453914049529,33.3940173929784,RELEASE_CASH
2021-09-01,2021-09-02,main,GREEN,0.0786154608595047,0.03,0.03,-0.04677211306911988,0.0,0.0295610610957098,0.0486154608595047,23.483547091000755,RELEASE_CASH
2021-09-14,2021-09-15,main,WATCH,0.03,0.15,0.15,-0.04115766398756371,0.0,0.029385138640562,0.12,58.30704029401759,RAISE_CASH
2021-10-04,2021-10-05,main,WATCH,0.15,0.35,0.15,-0.12363946978090601,0.35,0.0864367174708987,0.19999999999999998,88.81889272167159,RAISE_CASH
2021-10-13,2021-10-14,main,WATCH,0.35,0.24999999999999997,0.15,-0.09804889740385558,0.0,0.0829706864368486,0.1,45.706245009489656,RELEASE_CASH
2021-10-14,2021-10-15,main,WATCH,0.24999999999999997,0.15,0.15,-0.09027962504941955,0.0,0.0820808811203802,0.09999999999999998,46.09995179110473,RELEASE_CASH
2021-10-18,2021-10-19,main,GREEN,0.15,0.0813574150122469,0.03,-0.08301062138290471,0.0,0.0813574150122469,0.0686425849877531,31.897047486909766,RELEASE_CASH
2021-11-01,2021-11-02,main,GREEN,0.0813574150122469,0.03,0.03,-0.04355650788421728,0.0,0.0280178326306083,0.0513574150122469,24.891726594470473,RELEASE_CASH
2021-11-30,2021-12-01,main,WATCH,0.03,0.15,0.15,-0.06676454260143716,0.0,0.0280713339078849,0.12,58.049295726833996,RAISE_CASH
2021-12-01,2021-12-02,main,WATCH,0.15,0.35,0.15,-0.120851489569477,0.35,0.3152621995524174,0.19999999999999998,91.14161466468948,RAISE_CASH
2021-12-13,2021-12-14,main,GREEN,0.35,0.55,0.03,-0.15548339755485296,0.55,0.3288838978548513,0.20000000000000007,87.55131339561221,RAISE_CASH
2021-12-15,2021-12-16,main,GREEN,0.55,0.45000000000000007,0.03,-0.14848749098442815,0.35,0.3246965802406523,0.09999999999999998,44.1382906631185,RELEASE_CASH
2021-12-16,2021-12-17,main,GREEN,0.45000000000000007,0.55,0.03,-0.17258202254437827,0.55,0.3362795152276786,0.09999999999999998,42.889346665085796,RAISE_CASH
2021-12-23,2021-12-27,main,GREEN,0.55,0.45000000000000007,0.03,-0.14712034394262097,0.35,0.3215280108556277,0.09999999999999998,44.20915695441969,RELEASE_CASH
2021-12-27,2021-12-28,main,GREEN,0.45000000000000007,0.3500000000000001,0.03,-0.1362034148721316,0.35,0.316432680199166,0.09999999999999998,44.77503776457827,RELEASE_CASH
2021-12-30,2021-12-31,main,GREEN,0.3500000000000001,0.55,0.03,-0.15152653737676358,0.55,0.3223503566702059,0.19999999999999996,87.96152238914941,RAISE_CASH
2022-01-03,2022-01-04,main,GREEN,0.55,0.7656630966490773,0.03,-0.14948290587512614,0.35,0.7656630966490773,0.21566309664907723,95.07872769818867,RAISE_CASH
2022-01-21,2022-01-24,main,WATCH,0.7656630966490773,0.7977150904554989,0.15,-0.1861697303362263,0.55,0.7977150904554989,0.03205199380642165,13.521141793046866,RAISE_CASH
2022-02-01,2022-02-02,main,DEFENSE_REVIEW,0.7977150904554989,0.697715090455499,0.35,-0.17900167755322738,0.55,0.6023031551080112,0.09999999999999998,42.556582794047536,RELEASE_CASH
2022-02-02,2022-02-03,main,DEFENSE_REVIEW,0.697715090455499,0.5989842859014373,0.35,-0.1757501393958164,0.55,0.5989842859014373,0.09873080455406169,42.18286144439028,RELEASE_CASH
2022-03-07,2022-03-08,main,DEFENSE_REVIEW,0.5989842859014373,0.75,0.35,-0.20940457873618112,0.75,0.6128611541221847,0.15101571409856274,61.88721130473667,RAISE_CASH
2022-03-16,2022-03-17,main,DEFENSE_REVIEW,0.75,0.65,0.35,-0.1964794513892486,0.55,0.5974020382929228,0.09999999999999998,41.65061951863962,RELEASE_CASH
2022-03-17,2022-03-18,main,DEFENSE_REVIEW,0.65,0.5931809927806049,0.35,-0.19171077446951612,0.55,0.5931809927806049,0.056819007219395146,23.80591665990536,RELEASE_CASH
2022-04-01,2022-04-04,main,GREEN,0.5931809927806049,0.843788535681715,0.03,-0.19318789097155797,0.55,0.843788535681715,0.2506075429011101,104.80717719602292,RAISE_CASH
2022-05-02,2022-05-03,main,DEFENSE_REVIEW,0.843788535681715,0.791628947201561,0.35,-0.20147404229115173,0.75,0.791628947201561,0.05215958848015401,21.589752944697544,RELEASE_CASH
2022-06-01,2022-06-02,main,DEFENSE_REVIEW,0.791628947201561,0.691628947201561,0.35,-0.1969341301829799,0.55,0.6014232035231696,0.09999999999999998,41.62705116874037,RELEASE_CASH
2022-06-02,2022-06-03,main,DEFENSE_REVIEW,0.691628947201561,0.5988107228007911,0.35,-0.1944249065851088,0.55,0.5988107228007911,0.09281822440076992,38.75821473278377,RELEASE_CASH
2022-06-09,2022-06-10,main,DEFENSE_REVIEW,0.5988107228007911,0.75,0.35,-0.2067695099276078,0.75,0.6079757432453584,0.15118927719920894,62.16484684090037,RAISE_CASH
2022-07-01,2022-07-05,main,DEFENSE_REVIEW,0.75,0.7938864837684352,0.35,-0.2318544435909613,0.75,0.7938864837684352,0.04388648376843518,17.474259734095583,RAISE_CASH
2022-08-01,2022-08-02,main,DEFENSE_REVIEW,0.7938864837684352,0.75,0.35,-0.21993241191470425,0.75,0.3252963526979038,0.04388648376843518,17.745469632181738,RELEASE_CASH
2022-10-03,2022-10-04,main,CRISIS_DEFENSE,0.75,0.7916766170782157,0.55,-0.22813241308560495,0.75,0.7916766170782157,0.04167661707821568,16.67476575382631,RAISE_CASH
2022-11-01,2022-11-02,main,DEFENSE_REVIEW,0.7916766170782157,0.75,0.35,-0.2136595096860403,0.75,0.4419898124362638,0.04167661707821568,16.98742595365442,RELEASE_CASH
2023-05-26,2023-05-30,main,DEFENSE_REVIEW,0.75,0.65,0.35,-0.19524471391493836,0.55,0.427591525651623,0.09999999999999998,41.7146223382773,RELEASE_CASH
2023-05-30,2023-05-31,main,DEFENSE_REVIEW,0.65,0.55,0.35,-0.1966543952862465,0.55,0.4286445150720736,0.09999999999999998,41.64155127302529,RELEASE_CASH
2023-05-31,2023-06-01,main,DEFENSE_REVIEW,0.55,0.75,0.35,-0.20072958554232212,0.75,0.4312861013421224,0.19999999999999996,82.8606262344856,RAISE_CASH
2023-06-02,2023-06-05,main,DEFENSE_REVIEW,0.75,0.65,0.35,-0.19640772552537922,0.55,0.1974374465742358,0.09999999999999998,41.65433744056563,RELEASE_CASH
2023-06-05,2023-06-06,main,DEFENSE_REVIEW,0.65,0.75,0.35,-0.20044340624636192,0.75,0.199622356889862,0.09999999999999998,41.44514726801935,RAISE_CASH
2023-06-06,2023-06-07,main,DEFENSE_REVIEW,0.75,0.65,0.35,-0.19931543981824362,0.55,0.1985663401770926,0.09999999999999998,41.503615592953395,RELEASE_CASH
2023-06-07,2023-06-08,main,DEFENSE_REVIEW,0.65,0.55,0.35,-0.19789950542796342,0.55,0.1976526079701662,0.09999999999999998,41.577010784470126,RELEASE_CASH
2023-08-17,2023-08-18,main,WATCH,0.55,0.75,0.15,-0.20466468738092036,0.75,0.3530437820444791,0.19999999999999996,82.45267293514577,RAISE_CASH
2023-08-23,2023-08-24,main,WATCH,0.75,0.65,0.15,-0.19584404147614398,0.55,0.342662680013363,0.09999999999999998,41.6835560957749,RELEASE_CASH
2023-08-24,2023-08-25,main,WATCH,0.65,0.75,0.15,-0.20449181341875322,0.75,0.3495603024605195,0.09999999999999998,41.23529741777552,RAISE_CASH
2023-08-29,2023-08-30,main,WATCH,0.75,0.65,0.15,-0.19654385925780415,0.55,0.3404245014763684,0.09999999999999998,41.64728092620182,RELEASE_CASH
2023-08-30,2023-08-31,main,WATCH,0.65,0.55,0.15,-0.1925947790801783,0.55,0.3371420518719189,0.09999999999999998,41.85198214536948,RELEASE_CASH
2023-09-13,2023-09-14,main,GREEN,0.55,0.75,0.03,-0.2012826500579581,0.75,0.0308583238859196,0.19999999999999996,82.80328985460125,RAISE_CASH
2023-11-22,2023-11-24,main,GREEN,0.75,0.65,0.03,-0.199631248072069,0.55,0.4154194134875344,0.09999999999999998,41.48724562028291,RELEASE_CASH
2023-11-24,2023-11-27,main,GREEN,0.65,0.55,0.03,-0.1986734239640594,0.55,0.41441777650949,0.09999999999999998,41.53689459012875,RELEASE_CASH
2023-11-28,2023-11-29,main,GREEN,0.55,0.75,0.03,-0.2001630799726335,0.75,0.4152917540058358,0.19999999999999996,82.91935605285573,RAISE_CASH
2023-11-30,2023-12-01,main,GREEN,0.75,0.65,0.03,-0.1989708695572987,0.55,0.4133648384976853,0.09999999999999998,41.521476448983606,RELEASE_CASH
2023-12-01,2023-12-04,main,GREEN,0.65,0.55,0.03,-0.19465897013802314,0.55,0.1447297703611869,0.09999999999999998,41.74498446309151,RELEASE_CASH
2023-12-06,2023-12-07,main,GREEN,0.55,0.75,0.03,-0.20001470871323002,0.75,0.1465082288246055,0.19999999999999996,82.93473775002226,RAISE_CASH
2023-12-07,2023-12-08,main,GREEN,0.75,0.65,0.03,-0.198644278509867,0.55,0.1454090635169942,0.09999999999999998,41.53840534953045,RELEASE_CASH
2023-12-08,2023-12-11,main,GREEN,0.65,0.55,0.03,-0.19570071894244623,0.55,0.1440290224426156,0.09999999999999998,41.69098524283257,RELEASE_CASH
2024-02-09,2024-02-12,main,GREEN,0.55,0.45000000000000007,0.03,-0.1459780642649834,0.35,0.1231622326827139,0.09999999999999998,44.26836720899178,RELEASE_CASH
2024-02-12,2024-02-13,main,GREEN,0.45000000000000007,0.3500000000000001,0.03,-0.14421949302245174,0.35,0.1227103754770671,0.09999999999999998,44.35952303798178,RELEASE_CASH
2024-02-21,2024-02-22,main,GREEN,0.3500000000000001,0.55,0.03,-0.15548067545782296,0.55,0.1249947131102497,0.19999999999999996,87.55159559630484,RAISE_CASH
2024-02-22,2024-02-23,main,GREEN,0.55,0.45000000000000007,0.03,-0.11690503943196062,0.35,0.1146913803512746,0.09999999999999998,45.77537222295167,RELEASE_CASH
2024-02-23,2024-02-26,main,GREEN,0.45000000000000007,0.3500000000000001,0.03,-0.12709493038062325,0.35,0.1168145606014957,0.09999999999999998,45.24717755316634,RELEASE_CASH
2024-03-01,2024-03-04,main,GREEN,0.3500000000000001,0.2500000000000001,0.03,-0.09471393984042265,0.0,0.1884045809975597,0.09999999999999998,46.92565151249244,RELEASE_CASH
2024-03-04,2024-03-05,main,GREEN,0.2500000000000001,0.1811086617513132,0.03,-0.06124725847102319,0.0,0.1811086617513132,0.0688913382486869,33.522802434078365,RELEASE_CASH
2024-04-01,2024-04-02,main,GREEN,0.1811086617513132,0.0811086617513132,0.03,-0.05615779891260875,0.0,0.0346568300121298,0.1,48.924215405684635,RELEASE_CASH
2024-04-02,2024-04-03,main,GREEN,0.0811086617513132,0.0351100654974394,0.03,-0.06798861919649557,0.0,0.0351100654974394,0.04599859625387381,22.22236476819207,RELEASE_CASH
2024-04-12,2024-04-15,main,WATCH,0.0351100654974394,0.15,0.15,-0.09591835305949803,0.0,0.0361923377269254,0.1148899345025606,53.841123402121625,RAISE_CASH
2024-04-15,2024-04-16,main,WATCH,0.15,0.35,0.15,-0.1105667468948327,0.35,0.0368576699631058,0.19999999999999998,92.20783731382856,RAISE_CASH
2024-04-19,2024-04-22,main,WATCH,0.35,0.55,0.15,-0.15589625149010167,0.55,0.0398259683567543,0.20000000000000007,87.50851269262199,RAISE_CASH
2024-04-22,2024-04-23,main,WATCH,0.55,0.45000000000000007,0.15,-0.14903033204763283,0.35,0.0391051930430256,0.09999999999999998,44.11015240751106,RELEASE_CASH
2024-04-23,2024-04-24,main,WATCH,0.45000000000000007,0.3500000000000001,0.15,-0.13475029845594444,0.35,0.0379749888889705,0.09999999999999998,44.850360292510565,RELEASE_CASH
2024-04-29,2024-04-30,main,WATCH,0.3500000000000001,0.2500000000000001,0.15,-0.09229801237521162,0.0,0.0353704650368806,0.09999999999999998,47.05088150917654,RELEASE_CASH
2024-04-30,2024-05-01,main,WATCH,0.2500000000000001,0.35,0.15,-0.10087759357043324,0.35,0.0357942074377043,0.09999999999999987,46.60615750976007,RAISE_CASH
2024-05-06,2024-05-07,main,WATCH,0.35,0.24999999999999997,0.15,-0.08682775365732509,0.0,0.1708107435632734,0.1,47.33443326764887,RELEASE_CASH
2024-05-07,2024-05-08,main,GREEN,0.24999999999999997,0.1712587664194553,0.03,-0.08921627213957795,0.0,0.1712587664194553,0.07874123358054466,37.17422773449574,RELEASE_CASH
2024-06-03,2024-06-04,main,GREEN,0.1712587664194553,0.0911646964776166,0.03,-0.0794622639193695,0.0,0.0911646964776166,0.08009406994183871,38.21786633445153,RELEASE_CASH
2024-07-17,2024-07-18,main,GREEN,0.0911646964776166,0.35,0.03,-0.11237309908914817,0.35,0.0777320397178761,0.2588353035223834,119.09086366407708,RAISE_CASH
2024-07-23,2024-07-24,main,GREEN,0.35,0.24999999999999997,0.03,-0.09574219317476218,0.0,0.0756466318895165,0.1,46.87235183214028,RELEASE_CASH
2024-07-24,2024-07-25,main,GREEN,0.24999999999999997,0.35,0.03,-0.11764263081658077,0.35,0.077949958472557,0.1,45.73713905246941,RAISE_CASH
2024-07-31,2024-08-01,main,WATCH,0.35,0.24999999999999997,0.15,-0.0974730370628425,0.0,0.075497814478489,0.1,46.78263325511915,RELEASE_CASH
2024-08-01,2024-08-02,main,WATCH,0.24999999999999997,0.35,0.15,-0.10597916758865766,0.35,0.1477420208695504,0.1,46.341716583206825,RAISE_CASH
2024-08-13,2024-08-14,main,WATCH,0.35,0.24999999999999997,0.15,-0.09359257600453119,0.0,0.1451680890276873,0.1,46.98377759097473,RELEASE_CASH
2024-08-14,2024-08-15,main,WATCH,0.24999999999999997,0.15,0.15,-0.09133127222165172,0.0,0.1447152406965528,0.09999999999999998,47.10099264370687,RELEASE_CASH
2024-09-03,2024-09-04,main,GREEN,0.15,0.35,0.03,-0.10455710232239424,0.35,0.0842939816553368,0.19999999999999998,92.83085913937282,RAISE_CASH
2024-09-09,2024-09-10,main,WATCH,0.35,0.24999999999999997,0.15,-0.09828994841013272,0.0,0.0834290815849027,0.1,46.74028852135313,RELEASE_CASH
2024-09-10,2024-09-11,main,WATCH,0.24999999999999997,0.15,0.15,-0.09429220693462315,0.0,0.0829541586866578,0.09999999999999998,46.94751210688335,RELEASE_CASH
2024-09-16,2024-09-17,main,GREEN,0.15,0.0789635387518683,0.03,-0.052227149603117695,0.0,0.0789635387518683,0.07103646124813169,34.898765160878256,RELEASE_CASH
2024-10-01,2024-10-02,main,GREEN,0.0789635387518683,0.2128720649101684,0.03,-0.037293482090590024,0.0,0.2128720649101684,0.13390852615830012,66.82310016566608,RAISE_CASH
2024-11-01,2024-11-04,main,WATCH,0.2128720649101684,0.4133438597429321,0.15,-0.061821362962369064,0.0,0.4133438597429321,0.20047179483276367,98.79537489875926,RAISE_CASH
2024-11-08,2024-11-11,main,GREEN,0.4133438597429321,0.3811428157406969,0.03,0.0,0.0,0.3811428157406969,0.03220104400223517,17.184071651413227,RELEASE_CASH
2024-12-02,2024-12-03,main,GREEN,0.3811428157406969,0.3068420574371727,0.03,-0.01600193684008644,0.0,0.3068420574371727,0.07430075830352423,41.33348560838791,RELEASE_CASH
2025-01-02,2025-01-03,main,WATCH,0.3068420574371727,0.20684205743717268,0.15,-0.040203335711370136,0.0,0.1762267882420233,0.1,54.309000987094045,RELEASE_CASH
2025-01-03,2025-01-06,main,WATCH,0.20684205743717268,0.172336141918917,0.15,-0.019585506495996108,0.0,0.172336141918917,0.034505915518255686,19.142376563551924,RELEASE_CASH
2025-02-24,2025-02-25,main,WATCH,0.172336141918917,0.35,0.15,-0.11708309344095169,0.35,0.1770405745939809,0.17766385808108298,97.75463005211218,RAISE_CASH
2025-02-27,2025-02-28,main,WATCH,0.35,0.55,0.15,-0.1507846140981428,0.55,0.1859131907866745,0.20000000000000007,105.84400492460688,RAISE_CASH
2025-02-28,2025-03-03,main,WATCH,0.55,0.45000000000000007,0.15,-0.14442175822990744,0.35,0.1832620210450503,0.09999999999999998,53.31852739521948,RELEASE_CASH
2025-03-03,2025-03-04,main,WATCH,0.45000000000000007,0.55,0.15,-0.16057947780857895,0.55,0.2901918565159744,0.09999999999999998,52.31159924775127,RAISE_CASH
2025-04-01,2025-04-02,main,DEFENSE_REVIEW,0.55,0.5988639409883946,0.35,-0.1786752399627577,0.55,0.5988639409883946,0.04886394098839453,25.010468149770627,RAISE_CASH
2025-04-04,2025-04-07,main,CRISIS_DEFENSE,0.5988639409883946,0.75,0.55,-0.21730864672517347,0.75,0.6280053585931907,0.15113605901160543,73.71859409922656,RAISE_CASH
2025-04-09,2025-04-10,main,CRISIS_DEFENSE,0.75,0.65,0.55,-0.1974002472773868,0.55,0.6047810486548276,0.09999999999999998,50.01697660567239,RELEASE_CASH
2025-04-10,2025-04-11,main,CRISIS_DEFENSE,0.65,0.75,0.55,-0.20652779324160486,0.75,0.612475335330861,0.09999999999999998,49.44815976837481,RAISE_CASH
2025-04-15,2025-04-16,main,CRISIS_DEFENSE,0.75,0.65,0.55,-0.19890668017079427,0.55,0.603173947748599,0.09999999999999998,49.923097659744506,RELEASE_CASH
2025-04-16,2025-04-17,main,CRISIS_DEFENSE,0.65,0.75,0.55,-0.20469961162840566,0.75,0.6079875540880111,0.09999999999999998,49.56208967760805,RAISE_CASH
2025-04-23,2025-04-24,main,DEFENSE_REVIEW,0.75,0.65,0.35,-0.19720666756664307,0.55,0.5990210131657491,0.09999999999999998,50.02904024241132,RELEASE_CASH
2025-04-24,2025-04-25,main,DEFENSE_REVIEW,0.65,0.5925458067414591,0.35,-0.1897518706979171,0.55,0.5925458067414591,0.05745419325854095,29.010698297055274,RELEASE_CASH
2025-06-02,2025-06-03,main,GREEN,0.5925458067414591,0.4925458067414591,0.03,-0.1471563498738141,0.35,0.0954472022979628,0.09999999999999998,53.148111187370716,RELEASE_CASH
2025-06-03,2025-06-04,main,GREEN,0.4925458067414591,0.3925458067414591,0.03,-0.14455114793015078,0.35,0.0948880983014966,0.09999999999999998,53.310463996759495,RELEASE_CASH
2025-06-04,2025-06-05,main,GREEN,0.3925458067414591,0.35,0.03,-0.14650602816139136,0.35,0.0951767922030617,0.042545806741459136,22.629535299449085,RELEASE_CASH
2025-06-05,2025-06-06,main,GREEN,0.35,0.55,0.03,-0.15097101099013432,0.55,0.0958607601533649,0.20000000000000007,105.82077289904373,RAISE_CASH
2025-06-06,2025-06-09,main,GREEN,0.55,0.45000000000000007,0.03,-0.1449880310584145,0.35,0.0944282176495971,0.09999999999999998,53.28323800630579,RELEASE_CASH
2025-06-09,2025-06-10,main,GREEN,0.45000000000000007,0.3500000000000001,0.03,-0.14605897976093518,0.35,0.0945843870805279,0.09999999999999998,53.21649787086699,RELEASE_CASH
2025-06-10,2025-06-11,main,GREEN,0.3500000000000001,0.55,0.03,-0.15784281222194363,0.55,0.0964043321310795,0.19999999999999996,104.96428940204707,RAISE_CASH
2025-06-11,2025-06-12,main,GREEN,0.55,0.45000000000000007,0.03,-0.1488778184354571,0.35,0.0942930358363387,0.09999999999999998,53.040831497234976,RELEASE_CASH
2025-06-12,2025-06-13,main,GREEN,0.45000000000000007,0.55,0.03,-0.1501307068117581,0.55,0.0944832201739985,0.09999999999999998,52.96275311707801,RAISE_CASH
2025-06-13,2025-06-16,main,GREEN,0.55,0.45000000000000007,0.03,-0.1497445449530329,0.35,0.0943494566427011,0.09999999999999998,52.98681822373714,RELEASE_CASH
2025-06-16,2025-06-17,main,GREEN,0.45000000000000007,0.3500000000000001,0.03,-0.14216740357942792,0.35,0.0929469233926312,0.09999999999999998,53.45901585591415,RELEASE_CASH
2025-06-18,2025-06-20,main,GREEN,0.3500000000000001,0.55,0.03,-0.15191446300004163,0.55,0.0944094782868059,0.19999999999999996,105.70318348552087,RAISE_CASH
2025-06-23,2025-06-24,main,GREEN,0.55,0.45000000000000007,0.03,-0.14964223514957375,0.35,0.0938149034639151,0.09999999999999998,52.99319403811883,RELEASE_CASH
2025-06-24,2025-06-25,main,GREEN,0.45000000000000007,0.3500000000000001,0.03,-0.141717049188947,0.35,0.0923582953022952,0.09999999999999998,53.487081357973594,RELEASE_CASH
2025-07-01,2025-07-02,main,GREEN,0.3500000000000001,0.55,0.03,-0.15965417987130393,0.55,0.0294634293942145,0.19999999999999996,104.73852523245944,RAISE_CASH
2025-07-07,2025-07-08,main,GREEN,0.55,0.45000000000000007,0.03,-0.14559080473353725,0.35,0.028400699431173,0.09999999999999998,53.24567393192767,RELEASE_CASH
2025-07-08,2025-07-09,main,GREEN,0.45000000000000007,0.55,0.03,-0.15483079068744432,0.55,0.0289409481193112,0.09999999999999998,52.66984998016895,RAISE_CASH
2025-07-14,2025-07-15,main,GREEN,0.55,0.45000000000000007,0.03,-0.14710645063856165,0.35,0.0283684232368464,0.09999999999999998,53.15122084305375,RELEASE_CASH
2025-07-15,2025-07-16,main,GREEN,0.45000000000000007,0.3500000000000001,0.03,-0.14993858791041448,0.35,0.0285231879582422,0.09999999999999998,52.974725718068,RELEASE_CASH
2025-07-16,2025-07-17,main,GREEN,0.3500000000000001,0.55,0.03,-0.15004766446565765,0.55,0.0285180001979656,0.19999999999999996,105.93585641696656,RAISE_CASH
2025-07-17,2025-07-18,main,GREEN,0.55,0.45000000000000007,0.03,-0.1456464492538574,0.35,0.0281724791721725,0.09999999999999998,53.24220623752377,RELEASE_CASH
2025-07-18,2025-07-21,main,GREEN,0.45000000000000007,0.3500000000000001,0.03,-0.13821917060092814,0.35,0.0277340957568967,0.09999999999999998,53.70506461913577,RELEASE_CASH
2025-07-22,2025-07-23,main,GREEN,0.3500000000000001,0.55,0.03,-0.1548470526576462,0.55,0.0285453973874592,0.19999999999999996,105.33767311051544,RAISE_CASH
2025-07-23,2025-07-24,main,GREEN,0.55,0.45000000000000007,0.03,-0.14089648496162543,0.35,0.0275340198795602,0.09999999999999998,53.53821785735846,RELEASE_CASH
2025-07-24,2025-07-25,main,GREEN,0.45000000000000007,0.3500000000000001,0.03,-0.14178450737309145,0.35,0.0275722337384823,0.09999999999999998,53.48287745134795,RELEASE_CASH
2025-08-01,2025-08-04,main,GREEN,0.3500000000000001,0.55,0.03,-0.15538397496285772,0.55,0.259490912712456,0.19999999999999996,105.27075250584859,RAISE_CASH
2025-08-04,2025-08-05,main,GREEN,0.55,0.45000000000000007,0.03,-0.14593800507714438,0.35,0.2545935249883758,0.09999999999999998,53.22403685640557,RELEASE_CASH
2025-08-05,2025-08-06,main,GREEN,0.45000000000000007,0.55,0.03,-0.15108533472992847,0.55,0.2566030539489602,0.09999999999999998,52.903261942195044,RAISE_CASH
2025-08-06,2025-08-07,main,GREEN,0.55,0.45000000000000007,0.03,-0.1420845767157266,0.35,0.2520824560927987,0.09999999999999998,53.46417751873552,RELEASE_CASH
2025-08-07,2025-08-08,main,GREEN,0.45000000000000007,0.3500000000000001,0.03,-0.1419031143552677,0.35,0.2519243109218672,0.09999999999999998,53.475486017906,RELEASE_CASH
2025-08-19,2025-08-20,main,GREEN,0.3500000000000001,0.55,0.03,-0.15869741004413185,0.55,0.2577016944882558,0.19999999999999996,104.85777454421252,RAISE_CASH
2025-08-28,2025-08-29,main,GREEN,0.55,0.45000000000000007,0.03,-0.14439839620867811,0.35,0.2504473006007424,0.09999999999999998,53.31998328611071,RELEASE_CASH
2025-08-29,2025-09-02,main,GREEN,0.45000000000000007,0.55,0.03,-0.1599770798634509,0.55,0.2567319764516995,0.09999999999999998,52.349139907122975,RAISE_CASH
2025-09-05,2025-09-08,main,GREEN,0.55,0.45000000000000007,0.03,-0.14893900065826404,0.35,0.0261734245272901,0.09999999999999998,53.03701870038769,RELEASE_CASH
2025-09-08,2025-09-09,main,GREEN,0.45000000000000007,0.3500000000000001,0.03,-0.14053133178664068,0.35,0.0257121762005821,0.09999999999999998,53.56097373006929,RELEASE_CASH
2025-09-18,2025-09-19,main,GREEN,0.3500000000000001,0.2500000000000001,0.03,-0.097995261745498,0.0,0.0239159115936625,0.09999999999999998,56.2117664981059,RELEASE_CASH
2025-09-19,2025-09-22,main,GREEN,0.2500000000000001,0.1500000000000001,0.03,-0.09296207984694138,0.0,0.0237357732680943,0.1,56.52542787218213,RELEASE_CASH
2025-09-22,2025-09-23,main,GREEN,0.1500000000000001,0.0500000000000001,0.03,-0.08684122080359469,0.0,0.0235464656286508,0.1,56.906871876543164,RELEASE_CASH
2025-09-24,2025-09-25,main,GREEN,0.0500000000000001,0.35,0.03,-0.12030331022756613,0.35,0.0244616445165247,0.2999999999999999,164.4646734683534,RAISE_CASH
2025-10-01,2025-10-02,main,GREEN,0.35,0.24999999999999997,0.03,-0.09494754042803188,0.0,0.0292521528914037,0.1,56.40169654146714,RELEASE_CASH
2025-10-02,2025-10-03,main,GREEN,0.24999999999999997,0.14999999999999997,0.03,-0.08519254319287739,0.0,0.0288403719446768,0.1,57.00961532893747,RELEASE_CASH
2025-10-03,2025-10-06,main,GREEN,0.14999999999999997,0.04999999999999996,0.03,-0.08988036760373808,0.0,0.0290019293552907,0.1,56.717476185990904,RELEASE_CASH
2025-10-10,2025-10-13,main,GREEN,0.04999999999999996,0.35,0.03,-0.11351484298597703,0.35,0.0297871561167684,0.30000000000000004,165.73381891498167,RAISE_CASH
2025-10-13,2025-10-14,main,WATCH,0.35,0.24999999999999997,0.15,-0.09214128297236757,0.0,0.028720603865957,0.1,56.5765788698423,RELEASE_CASH
2025-10-14,2025-10-15,main,WATCH,0.24999999999999997,0.35,0.15,-0.10741629361631999,0.35,0.029350796366154,0.1,55.62465999939877,RAISE_CASH
2025-10-15,2025-10-16,main,WATCH,0.35,0.24999999999999997,0.15,-0.09298463930828194,0.0,0.0286482317040704,0.1,56.524021995783244,RELEASE_CASH
2025-10-16,2025-10-17,main,WATCH,0.24999999999999997,0.15,0.15,-0.08106504949235205,0.0,0.0281597109996543,0.09999999999999998,57.26683538807519,RELEASE_CASH
2025-10-21,2025-10-22,main,WATCH,0.15,0.35,0.15,-0.1150713488715478,0.35,0.0293937234882548,0.19999999999999998,110.29521375015484,RAISE_CASH
2025-10-24,2025-10-27,main,GREEN,0.35,0.24999999999999997,0.03,-0.09121520618814472,0.0,0.0282366430323458,0.1,56.634290775053344,RELEASE_CASH
2025-10-27,2025-10-28,main,GREEN,0.24999999999999997,0.14999999999999997,0.03,-0.08707713369727388,0.0,0.0280619499862597,0.1,56.89217009069773,RELEASE_CASH
2025-10-28,2025-10-29,main,GREEN,0.14999999999999997,0.04999999999999996,0.03,-0.08388644356074082,0.0,0.0279422635893069,0.1,57.09100976560862,RELEASE_CASH
2025-11-10,2025-11-11,main,WATCH,0.04999999999999996,0.15,0.15,0.0,0.0,0.0276544681652745,0.10000000000000003,63.02558039303379,RAISE_CASH
2025-11-12,2025-11-13,main,GREEN,0.15,0.04999999999999999,0.03,-0.01757951057278051,0.0,0.0282141076262064,0.1,61.917621536158805,RELEASE_CASH
2025-11-17,2025-11-18,main,WATCH,0.04999999999999999,0.15,0.15,-0.05562604289226092,0.0,0.0293711097574626,0.1,59.51971675478123,RAISE_CASH
2025-11-28,2025-12-01,main,GREEN,0.15,0.04999999999999999,0.03,0.0,0.0,0.0271866246034547,0.1,63.70272789389725,RELEASE_CASH
2025-12-01,2025-12-02,main,GREEN,0.04999999999999999,0.5875490767875833,0.03,-0.011574648468693272,0.0,0.5875490767875833,0.5375490767875832,338.4698791559495,RAISE_CASH
2026-01-02,2026-01-05,main,GREEN,0.5875490767875833,0.4875490767875833,0.03,0.0,0.0,0.1137664126285441,0.09999999999999998,65.39085190834328,RELEASE_CASH
2026-01-05,2026-01-06,main,GREEN,0.4875490767875833,0.3875490767875833,0.03,0.0,0.0,0.1135191080004929,0.09999999999999998,65.45685649984533,RELEASE_CASH
2026-01-06,2026-01-07,main,GREEN,0.3875490767875833,0.28754907678758335,0.03,0.0,0.0,0.1072172523380773,0.09999999999999998,68.09786365164716,RELEASE_CASH
2026-01-07,2026-01-08,main,GREEN,0.28754907678758335,0.18754907678758334,0.03,0.0,0.0,0.1056776325934635,0.1,68.87236386615068,RELEASE_CASH
2026-01-08,2026-01-09,main,GREEN,0.18754907678758334,0.1080132835771104,0.03,-0.019889265189750316,0.0,0.1080132835771104,0.07953579321047294,53.688683137139364,RELEASE_CASH
2026-01-22,2026-01-23,main,WATCH,0.1080132835771104,0.15,0.15,0.0,0.0,0.0973420275402316,0.04198671642288959,31.42829375155941,RAISE_CASH
2026-01-26,2026-01-27,main,GREEN,0.15,0.1022583946598121,0.03,-0.045431478470188025,0.0,0.1022583946598121,0.0477416053401879,34.11245838265226,RELEASE_CASH
2026-02-05,2026-02-06,main,WATCH,0.1022583946598121,0.15,0.15,-0.048397183135575506,0.0,0.1053496040242761,0.0477416053401879,34.49473173770444,RAISE_CASH
2026-02-10,2026-02-11,main,GREEN,0.15,0.100191173188071,0.03,-0.020359851474803126,0.0,0.100191173188071,0.049808826811929,37.74954485817333,RELEASE_CASH
2026-02-17,2026-02-18,main,WATCH,0.100191173188071,0.15,0.15,0.0,0.0,0.0974284530363135,0.049808826811929,38.81569749836384,RAISE_CASH
2026-03-02,2026-03-03,main,WATCH,0.15,0.1870120925133045,0.15,-0.00610610135452494,0.0,0.1870120925133045,0.037012092513304506,30.585052708127762,RAISE_CASH
2026-03-06,2026-03-09,main,WATCH,0.1870120925133045,0.35,0.15,-0.12924460499315893,0.35,0.2131716868430007,0.16298790748669548,117.99867420346871,RAISE_CASH
2026-03-09,2026-03-10,main,WATCH,0.35,0.24999999999999997,0.15,-0.08894236461522476,0.0,0.2017632699054963,0.1,75.7480438467321,RELEASE_CASH
2026-03-10,2026-03-11,main,WATCH,0.24999999999999997,0.1979738854093822,0.15,-0.0727896126501284,0.0,0.1979738854093822,0.05202611459061776,40.10746850626377,RELEASE_CASH
2026-03-30,2026-03-31,main,CRISIS_DEFENSE,0.1979738854093822,0.35,0.15,-0.1186931485770637,0.35,0.2085616991432816,0.15202611459061777,111.39633749011611,RAISE_CASH
2026-04-01,2026-04-02,main,DEFENSE_REVIEW,0.35,0.5965490138183174,0.35,-0.052151827276084806,0.0,0.5965490138183174,0.2465490138183174,194.29768072594678,RAISE_CASH
2026-04-13,2026-04-14,main,GREEN,0.5965490138183174,0.5633593967799044,0.03,0.0,0.0,0.5633593967799044,0.033189617038412944,27.6394656042691,RELEASE_CASH
2026-05-01,2026-05-04,main,GREEN,0.5633593967799044,0.46335939677990445,0.03,0.0,0.0,0.1951653674636682,0.09999999999999998,86.19278084181062,RELEASE_CASH
2026-05-04,2026-05-05,main,GREEN,0.46335939677990445,0.3633593967799045,0.03,0.0,0.0,0.1926775167192964,0.09999999999999998,86.91311059088578,RELEASE_CASH
2026-05-05,2026-05-06,main,GREEN,0.3633593967799045,0.2633593967799045,0.03,0.0,0.0,0.1857336430315347,0.09999999999999998,89.4531233609507,RELEASE_CASH
2026-05-06,2026-05-07,main,GREEN,0.2633593967799045,0.1826966145998481,0.03,0.0,0.0,0.1826966145998481,0.0806627821800564,73.2221840735004,RELEASE_CASH
2026-06-03,2026-06-04,main,GREEN,0.1826966145998481,0.1510761097217666,0.03,0.0,0.0,0.1510761097217666,0.03162050487808149,34.6501932973061,RELEASE_CASH
2026-06-05,2026-06-08,main,GREEN,0.1510761097217666,0.35,0.03,-0.11036460440937901,0.35,0.1697425649647482,0.19892389027823337,193.9259195348867,RAISE_CASH
2026-06-08,2026-06-09,main,GREEN,0.35,0.24999999999999997,0.03,-0.08563793423273702,0.0,0.1638196304745276,0.1,100.1970792203305,RELEASE_CASH
2026-06-09,2026-06-10,main,GREEN,0.24999999999999997,0.35,0.03,-0.10872978241944542,0.35,0.1685187381965706,0.1,97.66664206777216,RAISE_CASH
2026-06-11,2026-06-12,main,GREEN,0.35,0.24999999999999997,0.03,-0.07687385805760327,0.0,0.1612291844813206,0.1,101.1574589951367,RELEASE_CASH
2026-06-12,,main,GREEN,0.24999999999999997,0.1581487343690202,0.03,-0.06103082797617443,0.0,0.1581487343690202,0.09185126563097978,94.50903755373575,RELEASE_CASH
